1234567890
9876543210
5555555555
9998887777
1112223333
5551112222
7778889999
4443332222
8889991111
0001112222
3336669999
7770003333
4442225555
9994447777
2223334444
5550001111
1112223333
9991112222
4445556666
6667778888
3336669999
5554443333
8887776666
2221110000
7778889999
5556667777
1112223333
9998887777
4443332222
1110005555
5551112222
7778889999
4443332222
8889991111
0001112222
2223334444
5550001111
1112223333
9991112222
4445556666
6667778888
3336669999
5554443333
8887776666
2221110000
7778889999
5556667777
1112223333
9998887777
4443332222
5551112222
7778889999
4443332222
8889991111
0001112222